3292
3258
3015
3135
3260
3127
3065
3136
3162
3213
3158
3250
3178
3197
3095
3179
3269
3089
3279
3290
3259
3120
3306
3268
3066
3167
3094
3140
3318
3110
3152
3310
3124
3058
3171
3304
3031
3104
3255
3043
3288
3295
3119
3177
3263
3181
3008
3320
3266
3077
3257
3028
3010
3325
3270
3108
3051
3253
3044
3009
3084
3150
3308
3002
3142
3159
3145
3186
3011
3319
3192
3275
3248
3169
3000
3282
3195
3330
3216
3048
3068
3046
3264
3188
3069
3313
3126
3107
3007
3187
3165
3206
3050
3321
3063
3133
3045
3139
3240
3016
