3292
3258
3127
3015
3135
3260
3136
3250
3065
3158
3178
3162
3213
3279
3269
3197
3120
3066
3290
3259
3179
3058
3304
3095
3167
3306
3171
3031
3094
3320
3152
3268
3318
3110
3310
3140
3089
3028
3270
3077
3288
3119
3104
3043
3255
3010
3325
3051
3253
3011
3008
3181
3177
3266
3188
3009
3295
3257
3108
3186
3068
3000
3159
3263
3037
3142
3282
3002
3313
3124
3216
3192
3027
3045
3069
3107
3063
3248
3169
3185
3050
3048
3081
3096
3302
3308
3165
3275
3044
3330
3187
3195
3145
3198
3150
3084
3016
3264
3273
3118
